a <- c(34,56,09,23,40)

barplot (a,horiz=true)
